cp=302.5388946496
ipa=307.8724360396
ipb=131.2381265662
